MultiStackReg Transformation File
File Version 1.0
0
SCALED_ROTATION
Source img: 2 Target img: 1
332.2691403029032	465.48350718489246
968.5618382563916	465.66542363724056
0.0	0.0

320.0	480.0
960.0	480.0
0.0	0.0

SCALED_ROTATION
Source img: 3 Target img: 1
311.24705666617984	449.4595964607025
953.489146067925	450.63926938188735
0.0	0.0

320.0	480.0
960.0	480.0
0.0	0.0

SCALED_ROTATION
Source img: 4 Target img: 1
328.04253214667165	532.4133459018492
971.4781443106216	532.5019916859579
0.0	0.0

320.0	480.0
960.0	480.0
0.0	0.0

SCALED_ROTATION
Source img: 5 Target img: 1
324.3100809166956	463.29650634025313
960.6207563085587	465.81934976218946
0.0	0.0

320.0	480.0
960.0	480.0
0.0	0.0

SCALED_ROTATION
Source img: 6 Target img: 1
321.9633202974817	461.80475752514195
956.761374858683	457.2927811847913
0.0	0.0

320.0	480.0
960.0	480.0
0.0	0.0

SCALED_ROTATION
Source img: 7 Target img: 1
324.93444840668366	509.3357528797814
970.6530479360794	508.7815971807763
0.0	0.0

320.0	480.0
960.0	480.0
0.0	0.0

SCALED_ROTATION
Source img: 8 Target img: 1
304.64485490682074	482.51363227355455
945.6081456865771	486.3276050003758
0.0	0.0

320.0	480.0
960.0	480.0
0.0	0.0

SCALED_ROTATION
Source img: 9 Target img: 1
329.84611998142543	480.7410332942297
962.2098737440468	478.6371495105991
0.0	0.0

320.0	480.0
960.0	480.0
0.0	0.0

SCALED_ROTATION
Source img: 10 Target img: 1
331.23483458743743	456.62790575900215
976.3296803257145	457.86568299719306
0.0	0.0

320.0	480.0
960.0	480.0
0.0	0.0

