MultiStackReg Transformation File
File Version 1.0
0
SCALED_ROTATION
Source img: 2 Target img: 1
332.13311788872556	465.1204812473022
968.0956301151482	466.4078967729253
0.0	0.0

320.0	480.0
960.0	480.0
0.0	0.0

SCALED_ROTATION
Source img: 3 Target img: 1
310.9749009017255	449.37963756553654
953.3841306357971	451.5864188280807
0.0	0.0

320.0	480.0
960.0	480.0
0.0	0.0

SCALED_ROTATION
Source img: 4 Target img: 1
328.4613637578054	533.101777050515
972.2662514619233	530.2885101608596
0.0	0.0

320.0	480.0
960.0	480.0
0.0	0.0

SCALED_ROTATION
Source img: 5 Target img: 1
324.2111106421593	463.0213682822657
959.68163792654	466.6008033021858
0.0	0.0

320.0	480.0
960.0	480.0
0.0	0.0

SCALED_ROTATION
Source img: 6 Target img: 1
322.00481662473055	461.62177699527587
956.6848539762193	458.1104669796132
0.0	0.0

320.0	480.0
960.0	480.0
0.0	0.0

SCALED_ROTATION
Source img: 7 Target img: 1
325.3875881332395	510.28587091841877
971.6118908685152	507.32685473646836
0.0	0.0

320.0	480.0
960.0	480.0
0.0	0.0

SCALED_ROTATION
Source img: 8 Target img: 1
304.2674734895171	482.0182875599099
944.9781440573879	486.90217263612954
0.0	0.0

320.0	480.0
960.0	480.0
0.0	0.0

SCALED_ROTATION
Source img: 9 Target img: 1
330.04209909142116	480.517850494128
961.9948348069281	479.3110051957552
0.0	0.0

320.0	480.0
960.0	480.0
0.0	0.0

SCALED_ROTATION
Source img: 10 Target img: 1
331.7290120746558	457.0981319297309
976.5877980051006	456.9084972505776
0.0	0.0

320.0	480.0
960.0	480.0
0.0	0.0

