MultiStackReg Transformation File
File Version 1.0
0
SCALED_ROTATION
Source img: 2 Target img: 1
331.95019773713113	463.74318544751105
968.1096056944243	465.2377982925776
0.0	0.0

320.0	480.0
960.0	480.0
0.0	0.0

SCALED_ROTATION
Source img: 3 Target img: 1
310.7443321930142	448.14203804853787
953.5377030982329	450.9362531255651
0.0	0.0

320.0	480.0
960.0	480.0
0.0	0.0

SCALED_ROTATION
Source img: 4 Target img: 1
329.9316676929238	535.4258437851528
972.8386029219392	532.2270329413255
0.0	0.0

320.0	480.0
960.0	480.0
0.0	0.0

SCALED_ROTATION
Source img: 5 Target img: 1
324.151339582735	461.58582817637244
959.8168631610928	465.36641068385006
0.0	0.0

320.0	480.0
960.0	480.0
0.0	0.0

SCALED_ROTATION
Source img: 6 Target img: 1
321.7444333304907	460.31465294106033
956.8577005379008	457.01856423881526
0.0	0.0

320.0	480.0
960.0	480.0
0.0	0.0

SCALED_ROTATION
Source img: 7 Target img: 1
326.71055456996305	512.8206064023664
972.5822871826598	510.24998510718814
0.0	0.0

320.0	480.0
960.0	480.0
0.0	0.0

SCALED_ROTATION
Source img: 8 Target img: 1
304.40072915347025	480.71531819862435
944.4599166758362	485.526925339004
0.0	0.0

320.0	480.0
960.0	480.0
0.0	0.0

SCALED_ROTATION
Source img: 9 Target img: 1
329.6529755261014	479.0853028878131
962.2287288405694	478.2118358638802
0.0	0.0

320.0	480.0
960.0	480.0
0.0	0.0

SCALED_ROTATION
Source img: 10 Target img: 1
332.8977498846076	458.31054938861166
977.3613427431461	458.365162021524
0.0	0.0

320.0	480.0
960.0	480.0
0.0	0.0

