MultiStackReg Transformation File
File Version 1.0
0
SCALED_ROTATION
Source img: 2 Target img: 1
331.83601680235927	461.84355301289014
968.3961684850592	463.2597777107678
0.0	0.0

320.0	480.0
960.0	480.0
0.0	0.0

SCALED_ROTATION
Source img: 3 Target img: 1
310.8192398612642	446.1083145960976
953.8394432317394	448.55200702799146
0.0	0.0

320.0	480.0
960.0	480.0
0.0	0.0

SCALED_ROTATION
Source img: 4 Target img: 1
332.21337256641164	539.4426754652093
974.5355392317626	537.0185243307661
0.0	0.0

320.0	480.0
960.0	480.0
0.0	0.0

SCALED_ROTATION
Source img: 5 Target img: 1
324.02545019159226	459.52162785230837
960.547520598583	463.2429917790328
0.0	0.0

320.0	480.0
960.0	480.0
0.0	0.0

SCALED_ROTATION
Source img: 6 Target img: 1
321.5558199754605	458.27342832727965
956.9635551116604	454.87199650119237
0.0	0.0

320.0	480.0
960.0	480.0
0.0	0.0

SCALED_ROTATION
Source img: 7 Target img: 1
329.1843055176893	516.833650259488
974.0794715259417	514.0711004791127
0.0	0.0

320.0	480.0
960.0	480.0
0.0	0.0

SCALED_ROTATION
Source img: 8 Target img: 1
304.20317369714695	478.78640692135946
945.3425326782539	483.9493112696381
0.0	0.0

320.0	480.0
960.0	480.0
0.0	0.0

SCALED_ROTATION
Source img: 9 Target img: 1
329.4951189689532	477.0321901244669
962.3555587026325	476.05032790761993
0.0	0.0

320.0	480.0
960.0	480.0
0.0	0.0

SCALED_ROTATION
Source img: 10 Target img: 1
335.05294802714263	460.39245003346883
979.2535881341322	460.5697475080485
0.0	0.0

320.0	480.0
960.0	480.0
0.0	0.0

